1000
10007
10033072
1004
100472
10071196
10072
10077130
10080
10083
10089
10090
10096344
10100
10101
10105
10111431
10113978
10114
10124
10127622
10130337
10133
10135765
101534
10178705
10180
10182969
10184653
10184665
10198308
102046
10206
10219
10220503
102210
10235
10239
10240
10250769
10252
10255
102669
10275
10275777
10280735
10288191
10290
1030
10304
10306
10307
1031
10311
10311306
10321047
10324367
10328936
10347880
10348973
10351092
10360683
10374
10391
10404
10406
10444661
10453870
1046
10472693
104741
104762
104799
10482134
104838
104845
104850
104865
104903
104926
104976
1050
105024
1051
10517
10518
10520
10531
1054
10548
10577
10599
10606
10607
10610
10612
10616
10617
10620
10630
10633
10634
10635
10646
10668
10669
10683
10690
10715
107150
10718
10734
107641
10767
10770
107706
107715
10775
107751
10776
107767
107771
107782
107807
10783
107841
107924
107970
108
108000
108059
10811
108143
10815
108150
10831
10832
10836
10839
10859
10917
10921747
10944
10982
11001318
11018
11020
11033
11043
11061
110635
110669
11071
110926
1110
11103
11104
111080
11115
11117
11127
111332
11154555
11156438
11167602
11219835
11226
1123
11243969
11250029
11250647
11256664
11259
11273
11283
11289
11291
11296583
1130
11304743
11315474
11319217
11339
11350
11354606
11363176
11366
113918
11397521
11434515
11439
11450633
11457650
11469
11476460
114905
114948
11499
11499245
11501341
11504295
115056
11508377
11511120
11518241
11519070
11520894
115237
11526038
115355
115358
115368
11541511
11556711
11561674
11567473
115817
11597698
11610526
11622909
11625818
11626560
11643449
11644726
11658860
11671467
11682175
11683
11707110
11750009
11753673
1176
11794741
118023034
11808
118513932
11876263
119
119171
119182
119369
119432
11949646
11949652
11953153
11953824
11954041
11954369
119570
119584
119607
11962412
11964
11965427
11974
11978813
119828
11988953
11993702
11993740
120108
1201549
120202
12028
12035
120508
121098
121304016
12132
121396
121891
121892
122173809
122173812
122262
122282
122335
122553
12314120
1234
123600
123606
123619
123630
123631
1238
123829
123868
123879
123935
124081896
124087
124093
124220636
124246
12450
12454
12478
124886
12492
125017
12551
12555
125564
12560
125846
12594
12597
12598
12604
12620
12628
12675
126941
126961379
1269845
127151
127527
12798
12818200
12894
129073603
1292
129211
129228
130313
130881
130904
130956
13109
131204
131411
131536
131682
132999
133017
13313
13314
13327
13331
13342
134018
134019
134044
134436906
134551
134587348
134669
134780
1349907
13505
135191
135191
135398508
135398513
135398559
135398561
135398641
135398658
135398737
135398739
135398740
135398742
135398744
135398745
135398748
135400182
135400189
135401907
135403648
135409400
135409548
135409642
135410875
135412795
135413497
135413535
135413536
135413538
135413547
135413553
135436543
135445058
135463437
135487856
135565082
135565596
135565674
135565884
135565903
137
13737
13738
13743
13751
137528262
13765
13769
13789
13791
13804
13883
13916
13963
14052
14113
14130
14190
14208380
14211
14257660
14369
14373
14396
14520
145742
14584
14592
14604
146256
14626804
146294
146382
14652
146570
146690
14670
14677
14707
14709
14791
14792
14806
148121
148124
148185
148189
148192
148195
148197
14829
149096
14917
14969
14982
14985
15004
15010
15020
150311
15052414
150610
151075
151115
151166
151171
151179
15130
15177
15209
152256
15250
152946
1533
15353
15365
15376
15387
153994
153999
154059
154101
154234
154257
154417
15456
154572876
15459
1547484
1548887
1548943
1549000
1549008
1549120
1549158
1550101
15541
15574941
155774
156333
156375
156391
156419
15664
15671
15684
1570
157211
15723
157355
157702
157920
157922
15797
15907
15942714
15942715
15950376
15951529
15981397
15983988
16004692
160134
16019977
16052039
16058
16063245
160746
16076883
16078
160883
16106
16124688
16129675
16129704
16129706
16129708
16130571
16130957
16131215
16132
16133802
16134627
16135415
16136245
16136912
161562
16158208
16186200
162137
16220172
16222096
16229
16235
16258
162669
16274
16351
16362
16363
163659
16406
16426
164522
164526
16473
164739
16490
16533
16538
165580
16564
1662
16623
16626
16630
16639
16666
16678941
16681432
16682734
16682999
16683083
16683103
166973
16722836
1676
168009
16837
1684
16882
168871
168893
16923
169371
16960
16976
169787
169870
170345
17036
17113
17134
17150
171548
171682
171758
17182
172198
1727
17277
17336
17358
174174
17457
17458
17468
17477
175540
175805
176
176077
176165
17676
176870
17700
1775
178039
178147
17925
179344
18104
18142
181625
182137
182230
18283
18343
18377
18381
18466
185457
185460
187
18735
187764
18847
1892
18949
189821
189889
189891
18995
190
19003
19063
19094
19111
19135
19142
19150
19161
191657
192154
192197
1923
19247
19254
1935
193653
19371515
19392
19396
193962
193981
19493
19527
19529
19568
19596
196
196122
19646
19649
19667
19668
19675
19687
197785
1978
197861
1979
1981
1983
1984
1985
1986
19861
1989
1990
19910
19917
1993
1995
19958
19988
1999
2005
20054848
20054871
20054914
20054971
20055002
20055007
20055008
20055036
20055048
20055089
20055236
20055289
20055352
20055482
2006
200742
20140
2017
2018
202225
20266
20279
20299
2031
20313
20353
203911
20395
204
2040
20674
20683
20737
20787
20811
2082
20824
2083
2088
208828
208898
208902
208903
208908
2090
20906
2092
2097
2099
21022
210320
21070
21087
21102
21109
21137
2118
2119
2122
2123
21233
2130
213039
213043
213046
2131
21319
2132
21382
2140
2141
214348
214351
214356
2145
2148
2149
2153
2157
21585658
2159
2160
2161
2162
216221
216235
216237
216239
21630
216326
2164
2165
2169
2170
21700
21704
21720
21721
21722
21723
21751
2176
21772
21777
21782
21788
2179
21800
21826
21852
21855
2187
21878
21893707
219024
219078
219105
219111
2194
21950
2196
2197
2200
2202
22024915
22031
220401
2206
22107
221493
2216
22174
22174198
2218
222
222284
2225
222528
22262
22267
222757
22276
22297
222994
22323
223253
22379
2239
22391
224004
22419
224246
22425
2244
2247
2249
22530
225609
22565
22571
22601
2264
2265
2266
22660
2267
2273
2275
2284
229021
2292
229295
2294
229455
23009
23087
2309
2310
2312
231285
2313
2315
2316
2318
2326
2327
23327
2333
23342
2335
2337
23403
2342
2343
23444
2345
2348
23480
23497
2351
2355
23576
235905
23634441
23635314
2365
23652731
2366
23660
236702
23674
2368
2369
237
2370
2372
23725625
2375
2377
2378
2381
23896
23897
2391
23914
23925
23987
23991
24014
2405
2406
24066
240767
24085
24087
24139
24139
24145
24199
24261
243
2431
2435
24361
244
2441
2442
2444
24458
2446
2447
2448
244809
24485
2449
2451
2453
2461
2463
2465
2466
2467
2468
247
2471
2472
2473
24733
2474
2475
2477
24775005
24776445
2478
247839
2479
24795069
2480
2481
24812758
2482
24821094
24822371
24826799
24831714
2484
24872560
24873435
248856
24889392
24892842
24958200
24965990
25022354
25051
25074470
25074887
25077405
25077993
25102847
25126798
2513
25141092
2515
25151352
25151504
25154714
251643
25166913
25171648
25181577
25183872
25185057
2519
2520
25215
25223
25229
252301
25249
25267009
2528
25295
25315
2536
2537
25382
2540
25419
25495
2551
2554
2557
255968
2562
2564
25654
2569
2576
2577
2578
2580
25803
2581
2583
2585
259329
259331
26001
26035
26042
26098
26133
26172
26197
26248
26329
26377
26388
26391
26602
26618
2662
2663
26757
26762
2678
2680
2681
2682
2683
2684
26879
26929
26937
26987
2707
2708
2710
2712
27125
2717
2719
27190
2720
27200
2722
2723
2723601
2723872
2724
2724354
2724385
2725
2726
2727
272833
27304
2732
2733
2733526
27368
27400
2741
27447
2747
2749
27490
27501
275196
2754
2755709
2756
2758
2761171
2762
2763
2764
27648
27661
2769
2771
2780
27812
2782
2783
2784
27857
2787
2788
2789
27901
2793
2795
2796
2797
2799
27990
280
2800
2801
2802
2803
2805
28061
2809
2810
2811
2812
2816
2817
28204
28281
28329
28397
28417
28425
285033
28563
28615
28620
28688
28689
28693
28718
287180
2880
2882
28864
28871
28876
28892
289085
2893
28932
2895
2898
2904
2905
2907
29083
29088
2910
2911
2912
2913
29145
2950
2955
29564
29566
2966
2968
2972
2973
2993
2995
2997
2999413
3000322
3000469
3000540
3000579
3000668
3000715
3001028
3001386
3002190
3002977
3005573
3007
3009
3010818
3011155
3012003
3016
30160
3019
3025
3026
3030835
3032285
3032288
30323
3032306
3032307
3032321
3032361
3032445
3033
3033053
3033151
3033226
3033538
3033621
3033742
3033818
3033825
3033867
3033877
3033968
3033975
3033993
3034006
3034010
3034026
3034034
3035016
3036
3037
3037206
3037209
3037918
3038
3038489
3038498
3042
3042090
3045406
3047787
3047788
3047827
30487
305
3050432
3052
3052762
3052765
3052776
3053
30541
3055
3058386
3059
30623
3062316
30668
30699
3074
30751
3078
3080
3081361
3081362
3083544
30843
3084726
3086401
3086612
3086674
3086677
3087722
3089
3091
30949
30951
30966
30974
3100
3103
3105
31072
3108
3109
311
31101
3111
3114
3115
3116
3117
31203
3121
31236
31264
313
31300
31307
31315
31325
31346
31365
31373
31388
31400
31401
31402
31477
3149
31508
3151
31513
3152
3156
3157
3158
31586
31593
3162
31635
31640
3166
3168
3169
31703
31765
31796
3180
31800
3182
3191
3198
3202
32170
3219
3221
3226
3229
323
3236
3241
3242
3245
3261
3275
32778
3278
32798
3280
3282
3283
3284
32893
3290
3291
32912
3292
3295
3299
3300
33032
33036
33042
3305
3306
3307
3308
3309
3314
3316
33176
3324
3325
33255
3331
3332
3333
3334
3335
3336
3337
3338
3339
3341
3342
3343
3344
3345
33474
33478
3348
33488
3351
3354
3356
3357
3360
33613
3362
33624
33625
33630
3365
3366
33672
33675
3369
3371
3372
3373
3374
33741
33746
3379405
338
3380
3385
3386
3388
33887
3389
33919
33925
3393
3394
3395
3396
3397
3398
3400
34006
3401
34040
34051
34055
3406
3407
34081
3415
34154
3418
34312
34328
34359
3440
34457
3446
3447
3450
34521
34536
34626
3463
34633
3468
3469
3474
3475
34755
3476
3478
3485
3487
34870
3488
3489
3494
3503
3515
3516
3518
3520
35330
35370
35375
35378
35455
3547
3559
3561
3562
3563
35685
3571576
35740
35802
35803
3588
359
3590
35935
35949
3598
3599
3601
3604
36054
3607
3608
3609
3610
36109
36119
36131
3627
36294
36314
3634
3637
3639
36462
3647
3651
3652
3655
3657
3658
36604
36709
3671
3672
3673
3675
3676
3677
3678
36811
36846
3686
3689
3690
36910
36920
36921
3696
36976
3698
3699
3702
3704
3715
37175
3718
3720
3723
3724
37264
3728
3730
3731
37333
3735
3736
37367
3737
3738
3739
37393
3740
3741
3742
3743
37464
3747
3748
3749
37497
3752
37542
3759
37614
3762
3763
37632
3767
3769
3775
3776
37768
3778
3779
3781
3783
3784
379
37907
3792
38072
38103
3821
3822
3824
3825
3826
3827
3828
3830
3840
38409
38521
38668
3869
387447
3878
3883
38853
3893
38945
3899
3902
39042
39186
39214
3926
392622
39299
3932
3936
3946
39468
3947
3948
3949
3950
3955
39562
3957
3958
39609
3961
3964
3965
39765
39912
39941
3995
39974
3998
4004
4006
4008
4011
4019
4020
4021
4030
4031
4032
40326
4033
4034
4037
4039
40391
4041
4044
4045
4047
4054
4055
4057
4058
40585
40589
4059
4060
4062
40632
4064
4065
4066
40692
40704
4075
4078
40821
4086
4091
4095
4097
40973
4098
4099
4100
4101
41049
4107
41109
4114
4116
4117
4121
41238
4133
41386
4139
41448
4158
4162
4164
41643
4165
4167
4168
41684
41693
4170
4171
4173
4174
4177
41774
4178
41781
41835
4184
41867
41870
4189
4192
41946
4195
4197
4199
42008
4201
4205
4211
42113
4212
42262
4235
4236
4237
42396
4249
4257
4260
42611257
42613186
42616
4274
42765
4284
42884
42890
42963
432824
43507
43594
43672
4369359
43708
43814
43815
439213
439260
439280
439302
439318
439357
439501
439693
440473
4409
44093
440936
4410
441071
441074
4411
44112
441130
441140
44115
441199
441207
441243
441289
441290
44129647
4413
441300
441306
441314
441336
441350
441397
44139752
441401
441404
441407
441457
4417
4418
441853
441856
44187
44205240
4421
442151
442291
44230999
442343
44258
442982
443372
443382
443385
443387
4436
443869
443872
443874
443879
443881
443884
443928
443935
443936
443943
443944
443946
443947
443951
443953
443955
443958
443967
443970
443979
443980
444
4440
444008
444020
444022
444025
444029
444031
444036
444305
44439
44462760
44463
44472635
444795
4449
444972
4450
44513473
445354
445580
4456
445639
44564
445709
44591583
44599207
44603531
446156
446157
446220
446284
4463
44631912
4464271
446541
446596
44668
446987
447043
4472
4474
4474062
4476
4477
447715
44814423
4485
448537
4486
4487
4488
448812
449171
449193
4493
4494
4495
4496
449688
4497
4499
450503
450510
45055432
4506
450601
4507
4510
4513
45138674
4514
451417
451448
451668
452110
452306
452548
4528
4538
4539
454194
454216
4543
45588096
456199
456255
4567
457193
457954
4581
4583
4593
4594
4595
460
4601
4602
4604
460612
4612
4614
4616
4617
46188928
4619
46199646
46209133
4621
46220502
4626
4628
4631
4632
4633
4634
4636
4640
4641
4642
464205
46424
4649
4655
4659569
4671
4674
4679
4680
468595
46871657
46871657
4688
46908929
470999
472335
47319
4735
4737
4740
4744
4746
4747
47472
4748
47499
47510
47528
4753
47530
4754
4760
47608
4761
4762
4763
4764
47641
4766
4767
4768
4770
4771
4775
4781
47811
47965
47979
48041
4806
4810
4814
48194
4820
4822
48229
4823
4826
4828
4829
4830
4831
4832
4837
4839
4842
4843
4845
4846
4848
4849
4850
4854
48542
4855
4870
487101
4883
4884
4886
4887
4888
4890
4891
489181
4893
4904
4905
4906
4908
4909
4911
4912
4913
4914
4915
4917
4919
4921
4922
492405
4926
4927
4930
4932
4934
4935
493570
4938
4940
4942
4943
4946
4949
4969
4971
4976
4977
49803313
49806720
49831257
49831411
49846579
4990
4991
4992
4993
4994
4999
5002
50192
50248
5029
50294
5035
5037
5042
5050
5054
5070
5071
5073
5078
5090
50905713
50914062
50922675
50942
5095
51039
51039094
51040
51049968
5105
51081
51167
51263
512735
51348
51349053
5147
5152
5160
5161
51634
51712
51755
5193
519309
5198
5205
5206
5210
5215
5217
521716
5219
52195
5233
5245
5248
5251503
5253
5265
5277135
5280343
5280360
5280363
5280450
5280453
5280489
5280531
5280567
5280723
5280793
5280795
5280805
5280933
5280934
5280954
5281
5281004
5281035
5281037
5281040
5281071
5281077
5281078
5281081
5281612
5281613
5281915
5282138
5282181
5282210
5282338
5282379
5282381
5282411
5282440
5282443
5282448
5282452
5282493
5282494
5282593
5283731
5283734
5284371
5284380
5284512
5284517
5284527
5284529
5284535
5284543
5284549
5284553
5284557
5284566
5284569
5284570
5284583
5284585
5284587
5284594
5284595
5284596
5284597
5284603
5284604
5284607
5284612
5284613
5284616
5284627
5284632
5288320
5288783
5288826
5291
52919
52938427
52950901
53025
5310966
5310993
5311
5311010
5311017
5311027
5311037
5311044
5311064
5311066
5311067
5311068
5311128
5311181
5311217
5311221
5311304
5311309
5311356
5311399
5311412
5311447
5311497
5312109
5312125
5312138
5312153
5314
5315
5319
5320
5322
5323
53232
53235510
5324
5324346
5325
5326
5327
53276
5328
5328940
5329
5329102
5330
5330286
5332
5333
5335
53359
5336
5339
5340
5342
5343
5344
5345
53465279
5351
5352062
5353
5353853
5354
5355
5356
5357
5358
5359
5359271
5359272
5359371
5360515
5360696
5361
5361092
5361918
5362
5362116
5362119
5362124
5362129
5362440
5362456
5362460
5362487
53698
53708
5374
5379
5380
5381
5386
5388906
5388962
5388993
5390105
5390106
5391
5394
5401
5403
5405
5411
54120
54158
5419
54204
5426
54260
5429
5430
54385
5440
5443
54454
5447130
54477
5452
5453
5455
54556623
5456
5457
5459346
5462328
5462501
5463863
5463874
5464102
5464343
5467
54670067
54671008
54671203
54674461
54675769
54675776
54675777
54675779
54675783
54675785
54676038
54676228
54676478
54676537
54676539
54677470
54677946
54677971
54677972
54678486
54679224
5468
54680675
54680690
54680692
54681908
54682461
54682938
54684141
54685524
54686904
54687
54688683
54688686
5469
54690031
54697325
54708299
54713659
54716150
5472
5472495
54726191
54726192
5473
54732242
54746
54755438
54758501
5476
54766
54767916
5479
5479530
5480
5481350
5482
5483
5484
54841
5484727
5486699
5486971
5487
5487427
5488548
5489013
54892
5489638
54897
54910
5493444
5497
5501
5502
5503
5504
5505
5506
5509
5510
5511
5517
55191
5524
55245
5526
5531
5533
5536
55362
5541
5546
55483
5556
5558
5560
5563
5564
5565
5566
5567
5568
5572
5573
5574
5576
5577
5578
5583
5584
5585
5587
55886
5591
5593
5597
55994
56016
5603
5606
5610
5611
5625
5632
56330
56339
5634
5639
564
5648
56494
5656
5663
56640146
56649450
56649692
5665
5666
56840930
56944144
56959
56959087
5702063
5709
5717
5719
5720
5732
57327016
5733
57337
5734
5735
5736
57363
57379345
5742673
5743
5744
5745
5746
57465308
57469
5749
5752
5754
5755
5756
5757
5761
57697
5770
5773
5775
5777
5780
5789
5790
5794
5799
5803
58031952
5804
5810
5816
5816
5819
58258
5826
5826
5832
5833
5834
5838
5839
5842
58460047
5850
5852
58521
5853
58557659
5857
5858
586
5865
5870
5876
5877
5878
5881
5892
5902
5904
5905
5906
5910
5917
5918
5920
59227
5929
5936
5943
5950
5951
5952
5957
5959
5960
5961
5962
5966
59693
59768
5977
59798
5983
5988
5991
5994
5995
6000
60021
6005
60063
6009
6010
6013
60149
60151560
6016
60164
60169
60182
60198
602
6024
6032
6035
6041
604519
60464
6047
6049
60490
6057
6058
60606
60613
60648
60657
60663
6067
60700
60726
6075
60750
60751
60753
6077
60789
60795
60809
60815
6082
60823
60825
6083
60835
60838
60846
60852
60854
60855
60857
6087
60871
60877
60918
60919
6093
60937
60939
60947
60953
60961
6098
61002
6100671
6103
610479
6106
61120
612
6127
6128
6129
6133
61361
6137
6140
6151
6166
6167
61745
617853
6179
61791
61810
61818
6194
6196
6212
6215
6216
62277
6230
6231
6234
6235
6237
62370
6244
6249
6251
6253
6255
6256
6257
6258
6260
6262
6267
6271
6274
6279
62858
62861
62862
62865
6287
62870
6288
62887
6291
6292
62930
62959
62963
6300
6301
63019
6304
63044
63047
63049
6305
6306
6307
6317
63216
6322
6323266
6324616
6324659
6324663
6328211
63345
6337
6337614
636363
636367
636391
636398
636405
6374
638678
638793
6400
6410758
64139
64143
6421
6432
6433
6433083
6433090
6435415
6436
643684
64377
643976
644019
644073
644076
6442177
644241
6445230
6445540
6446
6450551
6451149
6453
6454
6456014
6464
6465
6468
64689
6469
6472
6473
6473883
6475
6476
6477
64782
6479523
6480466
6481
6488
6489
64929
64939
6494
64949
64950
64982
65015
65016
65028
6503
65050
65079
6509979
65130
65157
6518
6519
6526
6526396
65359
6536
65394
6540478
65437
65450
65470
65492
65526
65533
65535
65588
65589
65592
65594
65597
65599
65600
65604
65605
65606
65607
65610
65624
65628
65632
656511
65655
656580
656583
656593
656604
656615
656629
656665
65667
656777
65679
656804
65683
65687
65690
65697
65700
65701
65702
65708
65709
65713
65714
65718
657181
65719
65721
657272
657298
657309
6575
65750
65753
65755
65772
65777
65778
65779
65780
65781
65782
65784
65787
65790
65814
65825
65829
65858
65859
65860
65863
65864
65866
65894
65906
65937
65944
65946
65947
65948
65954
65957
65958
6597
65975
65977
65979
65981
65985
65998
65999
6602341
6603
6604200
6604415
6607
66120
6613
66143
66160
6617
66248
66249
66257
66261
66265
66270
6634
66376
66377
66380
66384
66451
66495
6651
66526
66553195
66558664
66569
66599893
66602
6662
666418
6674
667467
667484
667490
667491
667492
667493
66753191
667550
66895
66901
67118
6713928
6714002
6719
67228
67256
6726
6729
67406
6741
67462786
67505836
67532
67538
6761
6762
6764
67645
6765
67683363
67686
6769
679
68029831
6806
68093
681
68122
68165256
68193
68194
68199
68223
6827
68272
68290
68295
68310
6834
68350
68377
6839
68406
68416
68420
6843
68466
6852373
68548
68555
6857
685814
68597
68602
68617
68640
68648
68663
68671
68677
68680
68682
6869
68704
68706
68707
68711
68712
68713
6872
68723
68740
68748835
68749
6875
68760
68767
68770
68771
68778
68780
68783
6880
688009
68801
68802
688020
688145
68818
68819
68822
68827
688272
68829
6883
68838
68840
68841
68844
688441
68845
688563
68861
68865
68867
68869
68870
68873
68876
68884
68888
68911
68921
68926
68933
68935
68942
68943
68947
68952
68953
6909
6912
6915744
6917655
6917715
6917864
6917866
6917908
6917974
6918092
6918097
6918130
6918140
6918141
6918155
6918191
6918218
6918248
6918289
6918296
6918314
6918456
6918462
6918474
6918493
6918537
6918554
6918558
6918585
6918606
6918670
6918837
69286
69433
6954
69550
6957673
69594
69623
6989
70066
7017
7019
702
7027
7028
7029
70374
7045767
70569
70691388
70693500
7077
70846
70864
70882
708857
70957463
7099
71105
71107
71113
71119
71127
71130
71132
71137
71139
71141
71157
71158
71166
71169
71170
71183
71184
71195
712
71203
71206
71208
71213
71226662
71230
71237
71242808
71250
71253
71260
71261
71264
71272
71277
71329
71339
71353
71360
71365
71379
71384
71392
71398
71421
71447
71467
7147
71470
71490
71496458
7151
71511839
71528768
71567
71584930
71587953
71602803
71616
71620
71622
71630
71632
71636
71645
71650
71651
71652
71655
71656
71657455
71661251
71663
71671
71679
71681
71693
71697
71698
71704
71713
7172
71724
71731
71731823
71733
71734
71736
71739
71741
71743
7175
71755
7177
71771
71774
71806
71807
71808
7181
71813
71814
71815
71818
71819
71821
71823
7183
71835
71837
71854
71857
7186
71862
7187
71872
71875
71879
71880
71890
71897
71899
71900
71902
7191
71911
71916
71917
71919
71927
71934
71940
71944
71954
71961
71992
72006
72014
72015
72051
72060
72061
72064
72065
72070
72072
72075
72076
72078
72081
72087
72093
72094
72095
72098
72099
72106
7211
72135
72137
72138
72139
72141
72145
72146
7215
72150
72158
72281
72287
72394
72474
72490
72493
72950888
73115
7315
7329
7330
73303
73333
7389
7436
7456
74989
750
7510
753
7534
7547
7558
757
7572
7588
7608
7618
76262
7628
7638
76959818
76962649
76971547
77116
77254
774
7741
7753
77991
77992
77993
77999
784
785
7902
8024
807
82146
82148
8215
82153
8223
8225
8226
8238
8249
8269
8271
8274
8275
8277
8280
8281
8284
8285
83435
8361
8362
8364
8367
8378
838
8395
83969
83975
8400
84029
84088
8414
84571
84621
84746
8480
854019
8550
8554
8556
8567
8569
8574
85896
8590
8593
8602
8609
8612
8627
8633
864
8641
8645
86472
8663
86705695
8708
8730
8754
8768
8771
87880
8798
8827
8830
890
892
8944
89594
896
8966
89683805
8969
8982
8987
8992
89921642
8993
8996
9015
90311989
9034
904
9046
9047
90472060
9049
9051
9053
9064
91270
91273
91463
91540
91562
91610
91617630
91668
92112
92141
92253
92283
92400
9270
92722
92727
92874
92879
9294
92943
92974
9305
93055
93057
93086
93154
93159
93184
9330
9331
9332
936
9363
9375
938
9386
9395
9403
941361
9416
941651
9417
9419
9423
94280
9429
94320
9444
9458
947
9470
948
9528
95285
9548602
9552079
95636
9564
9565
9567
9568614
9574768
9578005
9601226
9638
9639
9642
9650
9651
9661
967
9676
9677
9681
9687
9690109
969472
9719
9750
977
978
9782
9800
9801
9811834
9818306
9821849
9822750
9823820
9824723
9826451
9829523
9833444
9835049
9837243
9838022
9841854
9844
9846332
9847629
98514
9852519
9852585
9852746
9853053
9853654
9854012
9854073
9854489
9862937
9863672
9863827
9865528
9867642
9867812
9869929
9870652
9871419
9873
9875401
9876378
9878
9880
9882105
9883933
9884642
9887712
9892071
9898619
9904
9906855
9909202
9911830
9913
9913767
9915743
9915886
9917021
9924495
9926791
9930049
9931954
9934
9935073
9939892
9941379
9948102
9952916
9953
996
9966051
9980241
9982
999
9997821
