9830191
6481236
771910
122718
6708684
11052
6419747
160020
68210102
9911463
46861623
54666595
42618298
15224271
57379345
65833
129010051
3610
4996
73265211
72124
2951172
24794418
12799467
44502203
65663
5625
3332
65906
54687
108046
6732844
166558
54657732
5311493
4158
123964
135412158
4100
5310966
53315882
27400
36273
44493137
9926048
5336
25226117
44487898
5577
2736301
9935681
6918314
14403
92409
2063
54666569
2554
44137675
5456
54669029
16734800
11224409
2415
54614567
25260757
1967
115348
5073
4485
5312529
6477762
60164
9863367
1054
135886612
5284514
73707583
26596
4608
19003
13037657
1893
9926999
6708716
89683805
2130
53387035
44616431
123600
11538455
4694339
5382
16678941
73078
4565183
11683005
156419
5517
5388962
25226380
4380
4930
3357
4355450
24771824
3352
65957
91668
11609586
38853
44620657
46191454
123619
24964624
60190124
9801
60186762
21678144
2710
441314
10430360
1103147
4754
5666
44484798
135565082
122272
2809486
11519070
4336830
5452
129010068
7015679
839770
361510
5374
45006121
896331
127861
6918852
656732
68602
77918
4594
322968
11154555
3762
73707482
9909648
54659868
5056826
9989505
3339
2630179
6918236
9841834
54666570
5023925
119584
54654433
62887
73707386
6708769
44498587
632854
4592
5335
27873
24748204
40854
3646
5702068
151932
3009355
2725417
2993
4487
10341154
5865
24901704
49381
71657455
16773791
6328608
3736
3344
11292680
54657739
11848225
68077
5284550
5509
4412255
29083
3180
5353
6918305
16667722
133633
5566
44369694
54654609
44386188
129009918
2951859
5702265
25134326
182585
5742832
17142
6708532
2160
11561383
11705608
72430
9064
73707606
9836739
5218788
6450813
676352
5286239
9927768
34312
25150857
4507
2724385
107905
6610273
73707428
11598628
5626
9829526
2730
198693
73010930
3156
60063
6321414
515328
641785
16659841
2520
91469546
44505490
40469923
44516953
6476406
108001
54657730
363863
5467
5707
172813
44507283
6473883
2161
5284566
3035746
54685215
3447
44295709
45358132
2247
4926
6918140
24875320
72303
6070589
9826528
3759
122070
1548887
2794
3677
2817908
57782
175805
2081
305
941650
11754511
3715
73707499
11687907
12791166
1464
44483817
2187
174174
3926765
9884817
13927310
168868
2712
667550
65944
667601
9884685
2819320
1361332
44488330
46218908
49849912
4211
34359
3463
54614219
6451164
65856
24856436
151194
25099184
5221450
156422
3702
4549
154059
3489614
1714884
10117987
54659344
108137
3919910
2419
10291556
12492
16725726
216454
24978538
3394
70680410
6843
1548076
164509
197033
3926
3034010
161591
68791
3033818
54657711
3610881
3001055
6604009
9874838
3476986
3053
3078519
21109
134044
33036
46925828
4995951
6708558
84008
73707575
10212
6918454
3838
2366
11296282
4477
453
11201705
2820134
3198
5392
2471
131747
92144482
9330
9860529
393595
4065
230710
150311
132252
2265
42433517
4217
2453
5281037
54655268
5288674
440936
300471
3025961
54658651
6010
3074
374536
4615
4932
69550
176873
44483234
2442
70311789
441199
11326715
5491955
3247059
5281707
60160561
5037
622606
441594
4624
65628
46851313
54385
135409468
3194
11719003
10436840
1257
3728
4342
441289
481747
6918878
4031
2075
72894
4784
219104
54658744
10633
3152
3314
60185223
68617
3542
65057
8969
18343
38945
73214
70680405
3034756
6439848
1646
2995
60700
6196
73707372
5702076
4306515
4698
644076
443423
3949
10286159
9853053
60953
4030
454217
444795
4059
10401611
104845
24768935
2733
2904
6560164
44199317
73707419
164723
15541
44618378
2819152
3971
5282443
644215
8369
2746
44497655
4098
456201
3906894
10474339
60464
54658741
4630
46931242
6708518
46940575
5240
5329255
400169
54667764
3961
15723
60193939
16741282
5332
4567
447905
3532
2267
24753719
4912
770820
16129706
3607
73707359
10410310
73707549
65351
65637
3721046
54667404
46898058
54766
2345
5311510
379077
5702135
10446295
49806720
4472
5850
119828
160355
161930
73707504
3125011
6613
2300880
2798
1981
3563638
5104
44489854
11570626
5526
23874513
26987
50904129
14520
26879
73707408
4713
130956
3965
54668530
7061041
5312137
60937
44616738
10109069
54657707
5287969
3202
4516886
9690109
10172943
73707442
755673
4462449
5511
73707545
10767
6708584
23649154
135976680
5320
49850262
73707348
897475
53358942
94701
659840
9799509
5273569
442793
51173
1993104
656615
6708725
21071390
4057
6604749
7534
7638
123831
5641
334704
6610261
44505892
5853
25199517
5281855
2092
449241
16351
100018
4450
18087
49867936
51683
16758175
17756796
6604858
9867770
1505783
14182642
5282440
515709
446313
2678
46209133
59472121
9047
10184653
6610267
11289
441029
443879
5280569
4062
59149652
51387307
9927531
44494424
66654
3025986
44603533
5288600
9795278
44507247
2724
5329098
107896
5283454
5702055
4539
4171
494471
3169
24812758
50248
9416
4917
6710740
31508
4055
44224257
9912743
44623946
10745
5906
135882970
213040
4210951
54596143
60753
57390074
5281426
5475158
104842
20507134
73707411
54654430
3009
5350
24857286
2949965
9850876
2853908
13121776
135511839
10252734
6560153
68740
10026128
4679
864
4671
24772043
200
6212
4037
5429
42636350
4413
54659817
6708573
44488817
183470
56962336
6435415
5281613
73707519
73265276
5334
44182295
35028748
54669151
3052776
2685
49843020
564
54659991
9642
14187
3292
4133412
10223146
41867
60854
5419
753
121892
72947410
135413511
483407
107970
23786513
25226483
4988454
158781
9933475
442894
2966
45006158
114924
5362116
9936746
4832
11387409
42636535
44219749
9782
5081
153005
24831714
11095
3037918
73265271
16222096
28693
4173
4850
5316606
5918561
44483355
3969
114811
208902
54657689
2315
1549000
4192
11949646
2381
10410894
20635522
20279
9444
4034
60823
53315878
3366
4829
5280450
3752
3058754
16739244
16061185
3825
44507291
12555
11715767
60846
3276
49836020
6883
4687238
46926360
2343
5966
216327
51755
60511
7972413
2732
54688261
71157
4369359
44634697
6604381
73707378
9363
5361202
2551
4353886
11998575
2968
442397
3157
123879
129009888
442530
35802
73707350
3226
54657693
44246499
42642645
681615
6890
49849931
69216
4708
3326
10228
129348
3428129
3085416
46700756
36462
192706
11977753
51348735
62824
2755
476
5719
7083563
18755269
6444692
5353633
13738
444008
72703790
86101
44564
5219
155806
153994
20039
44495084
637566
1687
25067890
996
439620
5701996
44616591
22094941
3903
57339144
9953592
4746
5368
9954280
39042
73652146
4768
46848036
9547215
60910
73707429
50910523
5362119
16112820
5358
5467485
64981
44607360
130611
1317466
44488994
24889392
54667012
637213
9829523
25429
2203170
71234
54654560
16760027
9953599
3114
44484222
65997
5154691
44492462
71158
5094
3000540
65981
3683
92786
2717
60785
6445540
54658692
5288320
644213
3540
3600
5510
10666
6450551
5281804
44489454
9848818
1986
46239015
2688
4099
11950170
49849932
44603531
46943432
4486
5282339
5353431
668081
708857
123767
41693
10202642
24963252
33887
65626
4259181
122327
4197
60186824
46911863
122077
2757788
5926218
60703
135411
73707445
3973
60795
6160690
44487334
16759369
2603
45934210
11210285
3792
54666869
16490
5277135
3545
46931004
37393
73707436
3964
2293
46213929
5756
9549297
5191289
3333
24951314
5282071
3289
9958279
119461
24771867
6410758
5328768
49843106
16747683
42633508
1243
2882
4011
6610268
73438899
8029
9889366
5284513
57519544
73707414
26533
24868317
197690
3450
448042
5280805
60961
1893730
3166
4084010
11012
3654103
5362124
5757
15096
15387
3550807
3672
151118
8982
13505
9956637
5758458
2921148
44601475
152946
44504533
2099
46238422
3386873
1456
6093
2286
3168
3337816
5501
12041
5029
3682562
23846563
9223
439246
4262
5531
2214
101498
260972
53389
236702
54658402
5780
5281222
2818982
5281672
4500
49849909
56649450
5497183
5314
135440466
6780
151172
6173479
6851740
128919
446157
11771279
73707421
11957615
2762
46216796
5281691
9827968
3106
673465
1354
10461815
4302964
121930
3957
16759997
3082718
132519
46191176
1048267
39147
19529
3559
5379
5730
5330535
6399253
4114
40469854
44484592
73707473
123924
10370504
108092
124246
24785538
108107
444029
5328940
68634
16102146
7048637
5816
65889
13019152
73707546
44488751
133008
54666596
44487597
91486
2467
9888030
5282593
5702063
704473
5280378
5281750
73707420
568416
13817
18381
2484
3689416
54657712
10297043
54477
5253
5360697
107992
16046239
44483957
100016
5290
51003716
2834356
73707393
9818682
2578
5732
3456
5310993
16117018
4891
60187506
197835
1534
5478883
49766518
9891901
44487652
5013
3162043
1370
45006141
6918537
71693
2722
60186978
667477
2816236
5036604
132059
148121
16395057
54657741
11615393
6604471
4898145
53340666
135398506
4939
6918736
9051
72967
3002119
443872
3796
44143370
2764
7456
445713
9840324
10020353
2562
439654
5287620
73707595
23947034
6597
11096
11703255
2765
11984561
3386
44507332
73707407
5280961
60490
29985980
6604794
5318562
5717
4284525
54613929
2719
6334600
56959
73707614
54660617
5917
9931954
31549
54668813
5353853
3518
637568
5311042
44486995
446284
4097
4418
906542
44494796
5152
16007391
31553
73707600
399698
16061509
59227
5639
11716890
4369270
5284585
23760135
2165
2118
5353852
6604889
9838712
5035
446378
25295
23789067
5723
3455
6303
172997
54660174
3503
10296883
1979
44503093
6623
3549
442544
4101
65399
6604918
44492086
54675769
60825
4165
4831
3946
42601363
11497983
154575
3101
54892
11493598
42611257
1889993
3121
5281004
2948
54660070
2812
16654980
5078
5593
3117
2663
1348
5735
4991
54657734
44506644
54615019
54666566
129009963
5280360
54666597
5288382
5775
3678
3354
2369
42642648
328236
10687292
127404
73707390
16211224
35370
54454
4519822
1894361
657255
639665
600670
2576
5576
12625909
17277
4488
148195
53246986
6834
53377448
4674
13025387
3331
9705
9961192
4020240
1088
5281727
6413301
126280
57697
67946
4184
449381
11207937
54654428
107967
2780
54660111
638024
5280953
178
49836027
4521392
3039
9956146
44665680
6128
73333
230748
68802
46843057
2466
54654429
33032
5354033
54667998
45376076
50515
4493
11364421
213046
4928
60838
54668627
338
9819927
11955855
27200
4830
59588070
392622
71759907
36811
44497312
107838
3002120
44483259
5281847
6918540
6450546
896
129989
6451149
9885087
10783
5281708
4528
23947601
54657758
24996872
44494782
5282054
11417954
51371328
449196
3689415
77999
442009
31373
60192328
3797
2405
23902994
9869929
9820766
1697
78357816
60184300
5153532
11450633
3830
71481097
64971
44629987
54841
4574540
44498557
49835860
135886613
3012
4673190
10343454
119570
14973220
2477
47641
3316
54658117
610479
42890
27806705
3035714
121926
10275777
60189692
11868768
1130
11617559
16220172
5351542
3906779
6433109
4431
115193
6604763
5941539
9458
244
9905190
5312145
24066
44287635
16760312
11395181
108029
15074
53708
5391
72385
148198
5387
10182969
5405
3001077
11511120
46199207
20299
5601
1329
16722836
44484239
49848070
2531
56052
6708539
439285
11442891
6127
443389
5328
216235
5320346
71496458
3248000
5574
2083
223368
5289501
1550607
25117126
16759155
54686939
216305
24880028
54676038
448014
43345
44488016
3616
3816756
158794
51081
64139
5282375
121878
2929
5360515
92258
2757979
54656566
2392
7333
25044703
3248571
15459
34521
5225092
4810
4221587
17754438
23897
88129
5281884
10295295
26248
11717001
5475586
3220
5356121
2820696
25124826
46695
60190226
49867930
104956
443943
10113978
54657740
5280453
460747
10152654
177236
3342298
4302963
3156173
9892554
6708718
2126
8378
421610
137
5312111
5714
65854
2351
9651
11960529
5092098
73707550
122335
23958199
444031
6253
5447130
2162
51537051
5311309
123630
44492894
5944
42574
9872438
21100
3568
11719255
6759
4116
9839842
20345
5288783
23725625
12124
129010074
5284329
57267
91617630
2788
70680398
73707425
22121918
53001
22049997
47965
17759555
4506
126402
59473233
135999136
11345983
16741245
4514
323
44505769
4976
5340
44505045
5244802
674282
73707528
4622
2950
122162
64715
3744
5381
44112
54614981
3899541
71490
5280335
6769
5493444
54615594
4583
5353623
54660081
90241673
1201549
3936
4712
3272300
3828
176870
2457
4534086
127894
3108
3334
637858
3307
3976
96946
444
121891
44139710
5065494
3883
72947407
135565181
4843
4740
6918097
4943
3335
6610310
5284549
20393
53232
10404245
6185
25182616
9956145
68870
4632
56971
65937
146570
6610344
68801
155774
6604928
6918324
2355
5011
4668801
969472
4112
2564
159324
2777
49855250
47528
604519
2868392
4178
1088438
7073234
49843158
6519698
3820
6604822
5282272
73707604
44487665
448912
73707394
11167602
53359
38409
47510
224246
3947
38521
3894
25154867
134780
44488857
73707430
3385
1833
3290
448799
5311
34772
54655704
5748555
15592
4091
3033769
17534
135179
15443
6918638
46215815
44489582
54657706
7211972
2244
70680401
53245473
57345410
5070
5943
3185
45375953
443155
5282493
5330
6450278
23777784
4781
73707524
4449
5353842
16736978
44601476
10081070
70680411
9808844
2335
73707354
135398510
6443013
3950
11646823
60186845
9840076
1013376
44494463
54658832
9888590
3655
73707370
35375
107780
9549305
50922681
460
4934
3083928
54585
449459
54657141
15983966
3019
5337366
2438
54657713
54666790
5281792
68071
10126189
405012
51346455
44501814
2448
3151
17753743
51576
16362
5161
5353760
54669118
9811834
6041
37907
60648
3103
3306
4008
107930
1923
1206243
9816959
4847
688798
4914
44246715
11644425
10131112
6710736
10427712
25183872
9911830
16667713
67077825
5202
2754
44500663
73707461
44504326
774
82320
446916
64945
3652
44493394
11317348
3826
25062766
2768
938
2680
2354
3878
21700
11438771
135413536
5280567
46844147
46903876
54654613
72376
92095
2703
5720188
10947895
6708600
46220502
984170
10429242
3035842
4858
11964036
5353593
5597
2145
3760
4296
54676537
3763775
6708512
71748056
83969
4946
73707358
4289
71360
2727
5323
412
58423153
6710662
10367662
51003695
57335384
71317558
3177
55652
5734
97807
5095
2196
2747117
1794
9571107
3995234
9910486
10366136
3077
3080836
62872
10040286
9953065
3341
3374
53382764
5311221
44607965
60835
6603901
3955
5819
56973724
4375
5270
9918
24864821
5311100
71329
1241
46926575
4908
5498067
11647372
65599
1049140
650361
129010090
10052040
2183264
54667575
3854666
445319
2132
4849
5281743
3242
5330286
3016
25102847
194138
53347979
119034
1622530
16004692
775191
73707537
128018
3561
637563
7184
19675
11228183
44508028
54654478
60186973
2480
41781
135419190
10313
76525291
3033
2481
9844347
54666592
23975549
5281614
5585
5361
135688221
6913176
11552706
4309557
24946690
44504286
54666590
110635
10022508
39836
5190
2116
54666571
11488320
5475
16667686
4350931
5280723
159603
44483939
10398360
9549213
4673492
124087
4649
5702051
3994
5712
1234
3346
1417813
30668
24094067
6610353
44490257
24360
4748
39981
132862
44506448
5269
15951529
104850
151166
53245442
4298
2783
54666820
68827
15625
4788
54616417
159269
160254
44485323
9803963
44502953
4904
2585
442912
3401
5228
6604780
54676478
5394
73707357
46931953
151075
5278396
5770
4423427
176158
3503044
5788723
54659308
72344
67475270
11556711
1794427
2782
2799
3476
71777
4631
5469318
5280445
10077130
24737642
755405
16118392
16129704
9865515
72551585
3913
445858
46926350
9904854
720272
24905203
3758
33630
60192484
2796
3571
5215
44484010
24180719
24798764
5175
54660156
9951687
6077
4886
5353454
24988881
2064
6708636
6855
1560402
68591
688800
4167
6449767
151171
2377
5362129
5281040
872445
40486
163844
441328
31275
54668617
6291
129010088
446596
6675804
5311257
4823
6603827
49842983
9801969
2871
44483163
9966051
4299
5353609
3033825
20054848
6000
46199646
327653
23606608
2125
5572
54657755
135787369
66490
135564558
2318
3467590
4814
5323714
9616928
44496365
50942
133538
5281912
44493156
133017
9910224
5280804
60149
17748
54659373
6710754
460612
5702003
6093179
65863
2820381
54666572
11676786
23919058
3645619
56640146
148124
4680
7092995
2763
11539025
176408
3397945
60663
3270699
56846693
44628955
73707535
275510
4990100
5281071
10521421
4189
3688
44620013
219078
44616599
5584
2802894
6433118
398148
54657731
23789069
3505
2941
3803
657237
50287
16667695
3373
54668348
3658
5401
24776445
6711154
54654441
16122663
23116322
36689751
2771
11434515
59174488
5362440
9832447
3336
5496659
5503
6602440
45006145
5961
5910
11270783
6024
259329
4170
1403142
3059
44485243
71771
3229
60751
60947
54657695
2406
4884
5288209
4029677
244898
102614
5342
44483977
54658632
44201003
4552
25124816
4822
1604254
72193870
3690
25033539
3034034
9889200
2326
133621
5488548
60184097
6575
14987
44494477
5591
16094766
151170
9795867
77991
44187
60943
2895
7172
10385095
4913
10154
5281081
44490857
25051
16043
11222830
4396344
49843139
3696
57369718
5311276
51003694
4284720
2984
4369491
46209426
54617432
386331
56962337
70680396
69923936
39468
10160238
3385203
2519
11561674
192197
41684
73265214
3627
73707536
2474
46926574
48229
6605258
13342
1359
5453
8433
8569
51038269
44187362
3446
6634
441130
11524144
11749858
3182
44551660
9939609
5568
44618423
5265
31703
73707398
153948
5281078
1355
2790
11001318
54654437
16123056
125564
3749
1853
7314
11351968
3780913
9828911
243
657309
5606
216239
9904
11949652
73707544
24795070
1383884
2803
33572
4760
3408722
11175137
5703601
4201
54613797
9867642
17755052
3686
129010004
3671
2146
441074
156391
695347
3032818
56599293
6603
49766530
3086618
54658765
4168
456199
4909
5329103
73707376
73453
1102
73707373
10125107
56599306
21874557
10071166
5330790
68770
5268
62389
16760391
2690
3917094
73707441
73707561
56949517
5291
5497
44629410
698112
5411
387447
5983
73707613
10635
31635
10668211
10099206
10288191
3953
9941444
135565545
4174
7427
182593
5920
129010078
49835877
9887884
449193
37542
54682876
60187003
72199292
4331799
44500706
4621
46944259
71384
125085
2820118
5656
13292831
119031
5702164
49766538
7029
6710776
2728620
122023
4277
6918456
6603820
50997747
445580
6436393
44502756
4302960
23418
4855
135398737
2858523
5324346
73707560
1042895
448013
3958
4764
114829
44601473
5311451
46740
60606
57030
2820633
656665
167551
23976270
2733529
44498186
66377
9952773
54666573
119565
253078
9681
24826799
101989
135886614
5665
9615346
5227
6032
4369524
2482
4306
4806
9912992
11609955
44143698
8480
11234052
4994
71447
2140
44505239
88505
4445621
16667717
125017
443874
364622
670967
24788740
3292447
9871074
11625818
44589607
6604915
831629
56676725
54657729
5479
457964
5352062
4938
129228
11646777
32798
13109
34870
4018928
72301
3718
72093
9955
161566
457928
11494412
4846
8567
60769
5063
57363
190901
216345
9810929
107751
3423
73707508
6852167
3003141
7741
149096
105008
456214
3494
128853
11249248
15548
72390
15547703
11713159
8400
44819697
73707548
151289
8362
5225086
3970
870371
25109985
44456237
2019
73707530
130313
24151277
5614
119192
3081
3899
49831257
54657694
6604893
2955
11234049
6710772
53276
11214940
5281670
24094187
16758824
4195
6610313
6710741
5681
92727
104865
1983
761523
214346
10077147
25151504
3343
70680406
5145950
73602827
40632
23891056
5537
3360
11552757
13782419
5878
9849616
25227436
6604887
44205240
28871
336423
4139
395754
134117
60852
4410
107867
25147679
149784
123692
6610303
8421
3365
2275
5573
44498994
50312
11213558
5709
58144
131906
4133
44483253
46224413
105007
5702166
11485656
44498015
68712
15330
5337997
25031915
131536
23760717
2284
5280363
936
3055
42623900
448281
91469
2803059
9604993
176167
2206
3213
40839
24857885
54677407
5742673
4628
26757
20864
168182
6918509
5702090
11626560
6437862
2120
3765
11219835
204
5749
54613931
23729157
6918508
2990
5280647
178024
6918184
1549008
3724
135883127
1858
4044
16736529
130881
3639
5713
11304743
3241
4495
4421
3547
5282219
3748
132496
3342
5803
10742
44620122
2446
5284627
5281894
44494000
22693263
4828
4105
3062316
4436
6708778
3647
73707525
2888950
3277
6738
3475
464205
62959
311434
3519541
91930061
5280489
5280881
2478
54445
656717
4060
54657757
9830392
3730
23930397
5284583
54660194
2581
115210
44503122
73707534
148201
1547484
10235
4633
119607
4935
5908088
5702069
445070
3042
2910
2878746
23748533
641266
781301
6307
3994476
4381125
9417
24733
667511
54657716
9823820
126688
47811
44483339
6697
6760
54654640
4878
3397
128563
11689883
3675
5311340
44620034
11978813
54666591
3396
54260
5388993
11658860
132971
22228376
134778
54657710
5426
65492
60651
11707110
54657953
53025
101616
16126782
2753
5283393
49843144
1797
23633604
54667389
3037
73707538
154257
11955716
170344
6249
51695577
115355
54669462
2662
441401
4078
9821459
73707437
53245456
129010025
133076
3330
51003702
11656518
4515
46843648
3567002
54658535
5901
10405323
46173038
44828477
3064778
125519
1716436
54657728
71655
44462758
5392245
4212
54660437
54657735
9902311
6603897
9810884
54668959
222786
237
2743956
2264
6049
6505803
25118059
135925692
27648
10620479
5564
23727689
45138674
50878566
11784736
44488194
67243342
10029385
44491382
10251
54658771
44486991
16038120
3000322
9935249
5282136
44492693
23649325
4020
5720
65373
208908
73707405
46233311
4032
4043357
5280863
44484569
4659569
24821094
441243
3546
11256587
3925
68093
54654330
5329480
4756
175540
54657708
124704
54658498
23846564
54459
19009
667484
44489675
129211
3467177
214347
3488
73707447
11957722
3698
4039
2129
3038522
229021
4160
22152353
3604
6194
71226662
2817242
4883
135821878
131682
4684
9957280
9865652
66558664
17928441
54666542
9926832
11201035
167683
11319053
5488645
23635314
3767
176407
46215462
2353
16363
3894573
9828429
6446335
5794
3081361
444036
32334
5281542
3519
5952
44491516
124846
54658215
442897
5174
11455910
11597537
16126898
46244454
7108
18496254
9953769
345945
5587
414684
44229302
11351021
4771
14113
2566
42008
6419753
60726
92766
25257557
28061
31404
5324
842059
70680399
4235
71277
210332
44721090
44507307
3275
54658669
24779724
2837663
4038180
44601470
11612883
637863
9956222
6215
3442
23986045
25166913
44483335
262093
39186
2894
42785
124007
2905
5702036
73707446
1133081
5505
5281621
30951
5702007
219271
5311217
71077
447966
70680404
681
5281643
3646984
4236
10770
6610281
183782
2907
2333
25154868
11494970
44505479
73707440
6857
72943187
10201696
9839311
124334
23844163
3689
4723
10127622
447912
177
22752
24872560
71714682
1548942
155815
4463
11382492
5377914
25262965
5893
25073775
2176
4893
5186
6604931
5280343
9913
4688
44483885
5494449
168613
688561
4761
446155
4543
16760141
23919667
135560153
10311918
5533
16960
6604933
53465279
3410883
5311304
51049968
9862248
3539719
19103
44497527
108143
4364841
6445533
4817
51003717
3272524
5362
13711
3765615
4970
11689583
2131
4199
53377419
62034
54658423
5052
53245449
46854655
54658969
197810
60750
2689
122295
6736
2744062
67361
15984937
71271629
38081
19582717
58573469
44506630
3081027
9820008
9930049
2708
16720766
9419
6018
992
5191
44618204
5169
6914657
6604789
4888
1676
24995524
6839
2148
659031
44484501
25105715
3033637
9880620
3463933
73707463
73707543
60186794
4308
6918493
5487427
50905713
54660187
135400439
4216
638034
31072
4770
5281718
134551
6610216
57242
11507802
10377751
1218
107807
11978790
3011155
52912189
3278
4992
9846332
46238405
9549298
24770514
44591583
148192
2583
5280704
9543513
11655119
11327430
5280954
9967941
3822
6421522
2802
9804992
51001932
11292191
54657753
72201027
49846579
1043828
443278
2107
5327
44494528
73157
18283
4086
44617231
44505047
10186367
2208391
54676535
3785
44483269
9934347
4775
44490413
51371334
16760044
442428
3280
3657
10831
25195348
444025
5092
65016
5400
44483393
73707617
10668061
9872740
471161
128878
2777391
5462501
5278
4045
4302962
2787
3132
5338
44484225
11857239
5385074
135539077
95801
4705
512292
6603931
5311128
4927
4260
11581936
6419833
54658205
4237
6466
675434
73707593
156414
40532410
6129
5311454
72287
9934
11973736
3921152
6337614
442972
5318
4499
2157
73707542
73707453
193962
5472
15604015
44240264
224859
5504
4578
54680692
44507299
667476
1282817
5905
193949
60189878
4581
1189521
52914932
2155128
56965963
73707438
2122
5319
6166
9915743
16747776
5283731
49867926
1292
135470813
3348
2541
1046
2735313
31307
5163
9914412
9803433
71183
3998
441724
82146
443944
5311037
4595
55283
196841
44497649
5482
11548630
3387354
132449
24775005
44462760
44503242
25171648
343083
3845
5090
20854195
4409
23351218
46885626
4614
1830
833
4533
6918030
5694
10168
6917960
23891514
10322450
9886086
4670
5287855
214348
5032
4135
462382
3406
6918409
449171
135659046
171548
2819993
5282367
54685921
11683
89594
23637804
87217390
54666567
6610350
11282283
5281565
6710622
11210478
44489864
4641
2141
5055
3080554
8249
3100
2775510
73438900
1176
72016
2893
4634
73707346
19385000
26937
73707400
3105
73707395
18721
11618368
3048
53235510
2310
135412795
3291
3448
24861442
1505784
60857
9906875
54669335
5282379
156314
445621
3250
5546
442128
11674376
3676
3938007
221493
3038485
44143772
135398745
5702107
38258
68844
54746
92722
800654
3784
4004
5361092
1720
11595431
3739
10294813
56208
73707385
44483336
65482
451668
7791937
60186945
861
5702153
29243
60190539
4879
5282459
5281437
51358113
73707462
9867812
4687
5455
6305
5472495
54658844
1345
71310
1400
6918837
54669111
11296583
4284
3682
2435
10071196
25066467
2540
56654642
574780
107935
5312122
1935
21704
3634
693139
9982218
1549120
57469
3478
19001
2088
2801
44968231
10205
1989
4520732
5282226
9549289
1401
1727
91769
969516
8593
10096344
6610300
46843772
6713958
9841972
132846
40634
2153
9908992
5328748
4423767
68911
5403
71203
9727
10206
10479060
457193
637542
3219
41049
24855958
22565
25019940
4417
2375
73707426
16124
1225
45105106
15376
10437018
208898
119373
5053
9847023
46908929
9949641
73707475
5440
6453092
3735
10074640
5281607
5369129
126388
5315
1204
2431
65747
4122
2785467
5386
6280
438981
25227462
5359371
51039095
3338
10461508
5578
44607530
3747
2913
44557636
127382
16666708
40692
118176
442424
6419931
73707477
3538
3392731
10173277
9834591
2750
54657718
60877
5288149
5002
46893585
5042
9903786
2536
6293
9806489
6602442
3005573
49792852
3052
2956
41214
5281365
93504
73707612
17756791
4767
10253795
25025505
2170
73707476
53321987
72199293
11226090
54656096
5702094
213039
60185177
5430
4848
720932
6082
53302361
441383
45375809
51634
3948
25254071
443007
68085
5071
9907323
44251605
65681
11313361
54666568
5105
52914946
180933
65781
446156
46224516
4261
54659633
68873
5468
12810432
10302451
23817954
49843318
5497136
11712649
73364
3598
5210
123662
9592990
9903757
44490224
65015
5281881
5328807
60923
6256
5962587
54657737
5329102
92400
54596134
2200
44505124
14900
10200390
6473866
122150
4636
24748573
9797857
47318
4910
44818131
9863672
44632017
4494
1140587
68508601
25021165
5329
3634881
5833
54682040
10330240
707029
12540
44489338
60194076
44500998
44616686
195165
2797577
4753
9813758
44484295
3111
3090
1285940
941361
216468
187079
6437068
2853753
17507
25181195
10068193
44500308
2391
123686
3036864
3310692
5344
22094944
439503
5325
6710752
92974
24800541
629852
34633
6445562
6918155
3356
6604926
9553856
119182
33613
126769
2720
441853
5560
46926973
5205
128268
57364
11640390
71354
46901937
2973
854019
40461270
44492524
3896
24965990
5311452
4456
60187611
5281901
70882
9874913
9893887
6857791
9882972
2674
2815801
11560787
4887
16760692
3036703
353825
5466054
5312531
4107
54657733
73438898
3162
60185339
59768
67278
44577753
9952884
439533
44483932
4054
44828478
5353962
216210
51039
6726
5994
753704
6419755
5014
3329
6442177
443955
5904
54653980
7048624
5417
54666825
51003685
3827
5360807
9824562
5202074
135564985
173614
3902
57340671
54657742
6477
3038
46843906
54669344
44502578
8609
2370
135409453
71781
3440
2018
10000456
4977
1775
131411
16759169
68186
151819
5059
8550
71188
6103
34040
57662985
9934458
612556
208953
54657738
46925839
49843054
2130404
23948194
5717737
9429
702558
3825829
59239165
60860
5359
5281087
135565635
134141
2930014
153241
54657736
6918554
6915744
688272
65909
5383
4906
73707380
1258678
58258
46196517
456389
65999
15478
73707410
72281
91610
60184895
4075
49766549
2151
46907798
5312114
16656685
16759359
5522
3741
82755
2119
688020
8215
4735
2159
73707399
82148
609483
4737
4377504
3941250
5024764
3742
2879
3651
2040
72326
123631
3000022
3325
3932
5286534
445354
135398516
5143
54658965
2337
24780598
3779
3351
11667893
4207396
3025
2733768
10050129
441290
1978
443375
310557
3371
3590
9543540
145659
73707418
9796068
378811
47099517
6710659
73707382
115368
9687
1048845
91270
16760037
6758
6708582
4006
25419
9868037
4183496
3293
55245
44507272
656765
44093
5329006
8616
135398738
9826308
12801781
228398
16231
5146
73707439
222515
71616
4314
5912039
134018
4911
1126109
54659352
123683
2378
54666593
5311346
4707
5468216
11404337
679758
148184
4018512
5311181
25262792
44492098
34677
656731
12478
5312557
32170
441749
2819095
54618085
6435901
27559
4826
108094
5310968
54654463
6009
91588
56839178
54654232
2577
2082
10660
5329099
415541
5281104
44595079
44490269
11691726
10932412
3080926
1554210
9886498
9600409
60188101
892
127951
441140
1548953
5083
6708762
441336
2953683
459617
5534
9926791
1133083
2123
3324
16741
180559
17134
2320
5870
12560
25105713
188244
133002
5166
25126798
9907093
454216
491941
24113957
16760034
2749
5487
54657705
5339
123618
5040063
129360
3517
3516
73707514
46912230
46697
4233538
23748511
5132514
27447
54669304
9924495
3455588
701939
5282230
7028
2736690
10748
2756
442195
3038525
11243969
4021
54660558
107641
3003565
54657714
5245
71721648
4066
176157
25161177
25195294
208901
47472
5311412
57495783
8515
644241
188914
5745
124172
264
119376
10109823
24856041
49843099
4993
57946
2723
25025298
187
73707349
5702199
107950
123606
54658318
2797
54654435
35026803
5282381
119032
19667
66265
2327
31101
1585
4837
33625
2724354
5565
1683
10219
4915
13765
2805
448991
54657751
43231
71815
6047
265237
5701990
5074
4780
409805
4601
3611
65028
73707364
6035
129009857
135399748
4497
54671008
133106
3038495
5311047
6321411
689043
2266
67505836
2972
72172
10090485
10253143
7699
11373846
44618017
44489343
6914273
53472153
159594
9875401
4919
121396
46883536
10302
11338033
6604200
54657678
3305
54657607
54614984
24086306
71015
16793302
492405
